-134 -157
-113 223
182 -212
63 -139
-235 -198
54 148
10 -354
324 311
120 -388
-135 -177
-307 200
-64 -315
15 382
-318 -297
-29 34
-48 -100
198 -242
-255 257
397 -59
-329 158
13 -396
355 161
387 184
-61 334
121 -129
332 141
-140 267
-361 134
293 -299
-385 -88
96 65
-77 -372
328 -223
-366 343
-93 -62
-299 -218
70 170
309 258
317 -382
48 -317
-380 -240
-232 234
-295 -251
126 173
-334 378
-49 190
-3 -46
-272 305
-58 127
-2 35
-72 287
283 63
168 -126
-344 33
339 -37
-35 -390
-156 -181
-382 -87
260 306
-310 -312
349 -9
-260 67
-218 270
-386 126
-190 175
-224 -125
329 53
-211 -189
248 120
-373 217
306 274
174 -221
-291 37
-237 -25
373 -112
28 125
380 -246
124 -83
-10 -304
23 336
177 -136
-317 -277
-179 -195
-327 -45
314 43
163 -211
-355 -58
-109 -346
-231 205
60 -347
-193 227
386 -103
33 -252
188 -324
133 5
-163 78
230 54
-162 -268
-146 -207
38 44
-94 315
-152 122
343 118
-114 64
227 143
-328 -295
206 359
354 132
376 242
47 -350
-111 348
370 -137
69 -256
-338 327
-233 -290
-236 196
228 -232
11 230
141 -259
366 -128
-321 -96
-240 77
187 388
325 269
-120 -77
-365 -210
-371 -187
101 362
242 163
-198 203
164 21
-347 312
-30 100
68 -279
299 -171
118 -255
285 -192
-147 -236
-245 -65
377 -344
-219 188
-69 -2
55 -353
-16 -12
100 247
-241 -261
-97 232
-242 389
-268 -384
-393 385
81 87
-119 156
210 -4
357 245
114 -53
-239 -57
-313 130
222 -373
-205 114
-360 345
207 -55
-197 333
-284 250
-249 46
262 239
-27 -330
153 -22
-148 -78
-110 69
-354 -302
269 56
-323 182
383 -260
44 -120
290 129
-281 -66
115 111
-187 -209
256 218
-24 82
-351 128
-378 -106
311 -254
7 -365
-348 30
-292 181
-212 -360
333 351
-276 108
-153 380
330 -225
-75 331
-53 42
-177 104
169 201
-372 226
84 -335
-13 74
-37 109
275 -351
345 -391
-220 -322
-254 24
27 -113
279 -118
257 -220
-223 279
18 191
-88 220
193 374
-209 117
-364 -165
-123 -308
-63 154
205 -379
277 -151
-98 -186
337 210
-70 -305
244 -352
-208 171
313 -109
-169 -52
384 101
-50 -357
-116 -124
342 -349
138 15
211 20
390 57
-167 -164
135 -258
-199 -127
-133 -152
-369 36
-188 -107
298 -24
238 397
156 -102
369 -73
190 -79
-185 -160
-251 -303
-18 -208
105 12
159 -231
-238 -146
-54 193
379 213
19 85
192 288
398 -173
388 41
131 291
-252 -267
348 -336
-71 22
-266 -41
29 275
-106 255
128 -141
179 -380
22 94
51 -14
-143 -6
-127 -374
183 -40
-137 -180
-285 -5
209 199
316 -266
127 6
364 -226
-92 3
-262 119
-47 371
-174 -161
12 -217
171 221
-83 -320
46 -272
307 300
-370 309
315 341
25 256
-104 282
-165 -329
-192 95
107 289
-221 376
56 -386
-108 155
-73 303
208 206
-81 208
264 290
253 133
-319 -80
394 -328
-374 99
327 -133
88 -257
-21 -321
-346 136
-117 -300
295 -23
-398 324
-200 236
20 -43
237 -147
-129 320
-339 -172
-159 354
347 278
363 280
-340 375
204 367
375 -306
62 107
-257 -17
214 98
103 -191
-210 13
304 106
21 243
-87 -289
-394 -234
393 -142
90 124
-222 40
266 238
368 -241
-250 368
-263 -280
157 -371
43 207
-253 -281
-203 -138
-375 246
271 322
385 -158
292 -325
259 251
9 -159
365 219
-217 -203
145 -27
-283 314
36 58
16 -296
-57 -34
108 174
-264 387
346 83
3 194
-62 -316
-213 140
-76 -99
99 168
-350 337
-215 394
261 317
-139 308
-311 335
175 151
308 165
245 -134
-287 66
30 -81
-357 -48
-256 -185
149 179
-68 150
-59 -230
-168 123
125 -310
4 91
233 392
219 -39
24 62
197 187
-248 -108
-353 347
39 260
341 386
-85 28
-302 -273
-161 135
272 86
-189 -399
-301 -90
181 -294
-342 70
112 338
249 23
-157 149
95 177
147 -369
162 -264
-270 -86
152 102
289 -377
-214 180
323 -29
-105 32
-84 276
129 299
-395 -265
353 248
-115 240
92 -36
49 105
196 -340
312 -356
212 89
-230 350
-79 146
224 277
32 -82
134 152
-181 -10
-141 -301
350 79
200 -363
-7 -50
-330 353
111 373
-183 138
-381 -44
-341 18
-234 116
-379 29
335 -69
-91 -143
278 -237
-158 -169
-6 -309
-33 361
217 9
282 -74
-20 -205
167 -47
106 -314
65 -224
-315 -18
-286 310
166 -248
-271 -331
-304 349
-80 -122
178 68
-96 -333
281 88
-389 252
144 -64
79 -383
247 -393
-121 298
-390 -11
-367 -89
41 -110
226 -243
-136 398
270 358
-25 273
-36 -32
-154 330
220 332
-191 -135
109 -222
1 185
77 -148
154 -144
158 -249
57 -13
6 -238
265 81
-207 -341
-130 -60
104 377
82 -385
361 -392
-103 -155
-201 302
322 -1
-345 157
116 272
-202 249
-194 344
-320 4
-196 211
-112 -167
344 160
340 169
-229 -355
-400 -26
-74 48
-325 363
31 -70
-78 -270
